5	14674	9	4	AL	20154295	2	5.8	89.81		P	1
5	14674	9	4	AL	20361203	6	6.6	92.36		P	1
5	14674	9	4	AL	20270771	8	5.3	79.62	Artículo 5, letra C	R	1
5	14674	9	4	AL	20181383	2	5.9	82.8	Artículo 5, letra C	R	1
5	14674	9	4	AL	20481419	8	2.2	90.45		R	1
5	14674	9	4	AL	20014477	5	5.5	91.72		P	1
5	14674	9	4	AL	20271470	6	6	96.18		P	1
5	14674	9	4	AL	20481195	4	6.7	97.45		P	1
5	14674	9	4	AL	20358726	0	5.7	92.36		P	1
5	14674	9	4	AL	20068531	8	5.9	84.71	Artículo 5, letra C	R	1
5	14674	9	4	AL	20173847	4	5.4	92.36		P	1
5	14674	9	4	AL	19664579	9	5.5	96.18		P	1
5	14674	9	4	AL	20012038	8	5.7	91.72		P	1
5	14674	9	4	AL	19800389	1	5.5	92.36		P	1
5	14674	9	4	AL	19665673	1	0	100		Y	1
5	14674	9	4	AL	20159812	5	6	82.8	Artículo 5, letra C	R	1
5	14674	9	4	AL	20476715	7	6.8	98.09		P	1
5	14674	9	4	AL	20013603	9	5.3	88.54	Artículo 5, letra B	P	1
5	14674	9	4	AL	20410314	3	5	89.17	Artículo 5, letra B	P	1
5	14674	9	4	AL	20292057	8	0	100		Y	1
5	14674	9	4	AL	19665349	K	5.8	89.81		P	1
5	14674	9	4	AL	20175744	4	5.2	91.08		P	1
5	14674	9	4	AL	20067595	9	5.7	87.26		P	1
5	14674	9	4	AL	20184366	9	5.3	89.17		P	1
5	14674	9	4	AL	20359796	7	6	92.36		P	1
5	14674	9	4	AL	20271524	9	6.5	82.8	Artículo 5, letra C	R	1
5	14674	9	4	AL	20271199	5	5.7	94.9		P	1
5	14674	9	4	AL	20358671	K	6.3	90.45		P	1
5	14674	9	4	AL	20173494	0	6.4	87.9		P	1
5	14674	9	4	AL	20271124	3	6.2	89.17		P	1
5	14674	9	4	AL	21647950	5	5.5	84.08	Artículo 5, letra C	R	1
5	14674	9	4	AL	20248051	9	5.9	95.54		P	1
